{
  "asset": {
    "version": "2.0",
    "generator": "THREE.GLTFExporter r172"
  },
  "scenes": [
    {
      "name": "AuxScene",
      "nodes": [
        28
      ]
    }
  ],
  "scene": 0,
  "nodes": [
    {
      "matrix": [
        1,
        0,
        0,
        0,
        0,
        -4.3711390285139367e-8,
        -0.9999999999999991,
        0,
        0,
        0.9999999999999991,
        -4.3711390285139367e-8,
        0,
        0,
        0,
        0,
        1
      ],
      "name": "7_body_01_16_16",
      "extras": {
        "originalName": "7_body_0.1_16_16",
        "transformData": {
          "inheritType": 1,
          "eulerOrder": "ZYX",
          "rotation": [
            -90.00000250447816,
            0,
            0
          ],
          "parentMatrix": {
            "elements": [
              2.034839527888005,
              0,
              0,
              0,
              0,
              2.034839527888005,
              0,
              0,
              0,
              0,
              2.034839527888005,
              0,
              6.21443172477143e-8,
              -1.249999914008966,
              0.14324347163172685,
              1
            ]
          },
          "parentMatrixWorld": {
            "elements": [
              2.034839527888005,
              0,
              0,
              0,
              0,
              2.034839527888005,
              0,
              0,
              0,
              0,
              2.034839527888005,
              0,
              6.21443172477143e-8,
              -1.249999914008966,
              0.14324347163172685,
              1
            ]
          }
        }
      },
      "mesh": 0,
      "skin": 0
    },
    {
      "matrix": [
        1,
        4.440891833802645e-16,
        4.4408937925665664e-15,
        0,
        -4.440899774742008e-16,
        0.999999999999984,
        1.7881399116958986e-7,
        0,
        -4.440893713157135e-15,
        -1.788139911695898e-7,
        0.9999999999999838,
        0,
        -2.836631639154036e-23,
        0.009999987669289001,
        1.6492691518044111e-9,
        1
      ],
      "name": "Add_Mant_00",
      "extras": {
        "originalName": "Add Mant 00",
        "transformData": {
          "inheritType": 1,
          "eulerOrder": "ZYX",
          "translation": [
            -2.6469779601696886e-23,
            0.009999987669289112,
            1.649269165682199e-9
          ],
          "rotation": [
            0.000010245287011907121,
            -2.5444447157990734e-13,
            2.544443593510148e-14
          ],
          "parentMatrix": {
            "elements": [
              0.9999999999999999,
              -2.0972512615458085e-8,
              1.3793257203076333e-8,
              0,
              -1.3793250644460406e-8,
              -0.9182006545905179,
              -0.3961155865521389,
              0,
              2.097251067864726e-8,
              0.3961154685004945,
              -0.9182003809453988,
              0,
              5.201755692852027e-10,
              0.09717582166194905,
              -0.06280896812677389,
              1
            ]
          },
          "parentMatrixWorld": {
            "elements": [
              2.034839527887984,
              1.7868346549903235e-14,
              -2.999849113547565e-7,
              0,
              1.6509530329298692e-13,
              -2.0348392663558807,
              9.455822580495266e-7,
              0,
              -2.999848010318183e-7,
              -8.656306348386877e-7,
              -2.034838819132555,
              0,
              3.127345202905722e-8,
              0.6168490747959108,
              -0.06615792286168493,
              1
            ]
          }
        }
      }
    },
    {
      "matrix": [
        0.9999999999999999,
        -2.0972512615458085e-8,
        1.3793257203076333e-8,
        0,
        -1.3793250644460406e-8,
        -0.9182006545905179,
        -0.3961155865521389,
        0,
        2.097251067864726e-8,
        0.3961154685004945,
        -0.9182003809453988,
        0,
        5.201755692852027e-10,
        0.09717582166194905,
        -0.06280896812677389,
        1
      ],
      "name": "Root_Mant",
      "extras": {
        "originalName": "Root Mant",
        "transformData": {
          "inheritType": 1,
          "eulerOrder": "ZYX",
          "translation": [
            5.201755692851862e-10,
            0.09717582166194916,
            -0.06280896812677383
          ],
          "rotation": [
            -156.664431483176,
            -7.902954234746963e-7,
            -0.0000012016364586506231
          ],
          "scale": [
            1,
            1,
            0.9999997019767761
          ],
          "parentMatrix": {
            "elements": [
              0.9999999999999997,
              1.279038297496982e-8,
              -2.1598738797479217e-8,
              0,
              -2.0972503633541e-8,
              0.898529591747145,
              -0.4389129443918334,
              0,
              1.3793240480367792e-8,
              0.43891291823058354,
              0.8985295381906077,
              0,
              -2.501007180046676e-16,
              0.0977858453989029,
              1.3969838688621117e-9,
              1
            ]
          },
          "parentMatrixWorld": {
            "elements": [
              2.0348395278879767,
              2.8067047735924582e-8,
              -3.4266062869769106e-7,
              0,
              -1.6150454009083374e-7,
              1.8683904034645686,
              -0.8060324808301339,
              0,
              3.035133223423451e-7,
              0.8060323443547355,
              1.868390517977709,
              0,
              6.497267319374762e-8,
              0.48591276197966615,
              0.12952062624123117,
              1
            ]
          }
        }
      },
      "children": [
        1
      ]
    },
    {
      "matrix": [
        1,
        -1.776356859252911e-15,
        4.440891966152472e-16,
        0,
        1.776356475440455e-15,
        0.9999999999996265,
        8.642673491876529e-7,
        0,
        -4.440907318623154e-16,
        -8.642673491876529e-7,
        0.9999999999996265,
        0,
        1.951449321143651e-16,
        0.04349721968173981,
        -1.722946751936405e-8,
        1
      ],
      "name": "Head",
      "extras": {
        "originalName": "Head",
        "transformData": {
          "inheritType": 1,
          "eulerOrder": "ZYX",
          "translation": [
            1.9514491639793346e-16,
            0.04349721968173981,
            -1.7229467630386353e-8
          ],
          "rotation": [
            0.000049518871482592446,
            -2.544443593510148e-14,
            -1.0177774980683254e-13
          ],
          "parentMatrix": {
            "elements": [
              0.9999999999999999,
              -2.0972501957317052e-8,
              1.379324476857845e-8,
              0,
              -1.0629976600275638e-9,
              0.5136184282772097,
              0.8580186425275169,
              0,
              -2.5079263853543584e-8,
              -0.8580186936694162,
              0.5136184588912553,
              0,
              2.5658493107983e-9,
              0.14299570024013508,
              0.03140157833695412,
              1
            ]
          },
          "parentMatrixWorld": {
            "elements": [
              2.034839527887984,
              2.7759307495556367e-14,
              -2.999849431780623e-7,
              0,
              1.7530535112743152e-7,
              1.6512305203722157,
              1.189120760002165,
              0,
              2.434316819653345e-7,
              -1.1891208027211584,
              1.651230794707744,
              0,
              5.663010735955674e-8,
              0.7783952438484047,
              0.07293185844293135,
              1
            ]
          }
        }
      }
    },
    {
      "matrix": [
        0.9999999999999999,
        -2.0972501957317052e-8,
        1.379324476857845e-8,
        0,
        -1.0629976600275638e-9,
        0.5136184282772097,
        0.8580186425275169,
        0,
        -2.5079263853543584e-8,
        -0.8580186936694162,
        0.5136184588912553,
        0,
        2.5658493107983e-9,
        0.14299570024013508,
        0.03140157833695412,
        1
      ],
      "name": "Neck",
      "extras": {
        "originalName": "Neck",
        "transformData": {
          "inheritType": 1,
          "eulerOrder": "ZYX",
          "translation": [
            2.565849310798285e-9,
            0.1429957002401352,
            0.03140157833695412
          ],
          "rotation": [
            59.09484451027451,
            -7.902947110304477e-7,
            -0.0000012016358479841244
          ],
          "scale": [
            1,
            0.9999999403953552,
            1
          ],
          "parentMatrix": {
            "elements": [
              0.9999999999999997,
              1.279038297496982e-8,
              -2.1598738797479217e-8,
              0,
              -2.0972503633541e-8,
              0.898529591747145,
              -0.4389129443918334,
              0,
              1.3793240480367792e-8,
              0.43891291823058354,
              0.8985295381906077,
              0,
              -2.501007180046676e-16,
              0.0977858453989029,
              1.3969838688621117e-9,
              1
            ]
          },
          "parentMatrixWorld": {
            "elements": [
              2.0348395278879767,
              2.8067047735924582e-8,
              -3.4266062869769106e-7,
              0,
              -1.6150454009083374e-7,
              1.8683904034645686,
              -0.8060324808301339,
              0,
              3.035133223423451e-7,
              0.8060323443547355,
              1.868390517977709,
              0,
              6.497267319374762e-8,
              0.48591276197966615,
              0.12952062624123117,
              1
            ]
          }
        }
      },
      "children": [
        3
      ]
    },
    {
      "matrix": [
        1,
        -1.862641041405766e-9,
        7.29971635795913e-15,
        0,
        1.862641041405766e-9,
        1,
        2.6644908347193287e-15,
        0,
        -7.299716362922118e-15,
        -2.664490821122577e-15,
        0.9999999999999998,
        0,
        -3.823330541052883e-15,
        0.15643244981765747,
        -6.969109733745427e-9,
        1
      ],
      "name": "LeftHand",
      "extras": {
        "originalName": "LeftHand",
        "transformData": {
          "inheritType": 1,
          "eulerOrder": "ZYX",
          "translation": [
            -3.83026943495679e-15,
            0.15643244981765747,
            -6.969109733745427e-9
          ],
          "rotation": [
            1.5266407681106703e-13,
            -4.1824294061245247e-13,
            -1.0672147042040281e-7
          ],
          "parentMatrix": {
            "elements": [
              0.9973184020440539,
              -0.07318473163368856,
              -1.6555530280015816e-8,
              0,
              0.0731847403579882,
              0.9973185209336721,
              -1.3022237286555031e-8,
              0,
              1.746416383133417e-8,
              1.1775703292860562e-8,
              0.9999999999999998,
              0,
              1.5493535343580334e-9,
              0.16183695197105408,
              -9.761627839388609e-9,
              1
            ]
          },
          "parentMatrixWorld": {
            "elements": [
              -0.07577490709894014,
              5.982016473797281e-7,
              2.033428055156953,
              0,
              2.0334286376607857,
              -3.798480349011668e-7,
              0.07577489197180617,
              0,
              4.625334040579717e-7,
              2.0348392702133573,
              -6.650525813678357e-7,
              0,
              0.5643771486993401,
              0.6994817959156296,
              0.06607578239384876,
              1
            ]
          }
        }
      }
    },
    {
      "matrix": [
        0.9973184020440539,
        -0.07318473163368856,
        -1.6555530280015816e-8,
        0,
        0.0731847403579882,
        0.9973185209336721,
        -1.3022237286555031e-8,
        0,
        1.746416383133417e-8,
        1.1775703292860562e-8,
        0.9999999999999998,
        0,
        1.5493535343580334e-9,
        0.16183695197105408,
        -9.761627839388609e-9,
        1
      ],
      "name": "LeftForeArm",
      "extras": {
        "originalName": "LeftForeArm",
        "transformData": {
          "inheritType": 1,
          "eulerOrder": "ZYX",
          "translation": [
            1.5493535343580334e-9,
            0.16183695197105408,
            -9.761627950410912e-9
          ],
          "rotation": [
            -7.46119147393165e-7,
            9.485620126459418e-7,
            -4.1969284100511635
          ],
          "scale": [
            1,
            1.0000001192092896,
            1
          ],
          "parentMatrix": {
            "elements": [
              0.9925052562322032,
              0.011855284724032432,
              0.12162552600322561,
              0,
              0.003666314144861632,
              0.9919461834418971,
              -0.12660697964822162,
              0,
              -0.12214693811979228,
              0.1261040101629054,
              0.9844683357674808,
              0,
              6.984919309616089e-9,
              0.0923889949917793,
              4.6100467443466187e-8,
              1
            ]
          },
          "parentMatrixWorld": {
            "elements": [
              0.07324420214027849,
              6.043352042683914e-7,
              2.0335207831131137,
              0,
              2.0335211240695554,
              -3.986469535588455e-7,
              -0.07324420134554699,
              0,
              4.3730811391529123e-7,
              2.034839270213352,
              -6.997038194955785e-7,
              0,
              0.23527828809769466,
              0.6994818802947802,
              0.07792939753851683,
              1
            ]
          }
        }
      },
      "children": [
        5
      ]
    },
    {
      "matrix": [
        0.9925052562322032,
        0.011855284724032432,
        0.12162552600322561,
        0,
        0.003666314144861632,
        0.9919461834418971,
        -0.12660697964822162,
        0,
        -0.12214693811979228,
        0.1261040101629054,
        0.9844683357674808,
        0,
        6.984919309616089e-9,
        0.0923889949917793,
        4.6100467443466187e-8,
        1
      ],
      "name": "LeftArm",
      "extras": {
        "originalName": "LeftArm",
        "transformData": {
          "inheritType": 1,
          "eulerOrder": "ZYX",
          "translation": [
            6.984919309616089e-9,
            0.09238899499177933,
            4.6100467443466187e-8
          ],
          "rotation": [
            -7.328266201083944,
            -6.985925593938681,
            0.6843545391491299
          ],
          "parentMatrix": {
            "elements": [
              0.0393890452314919,
              -0.5049952680822827,
              0.8622228727714518,
              0,
              0.9917302509821334,
              0.12523889233760854,
              0.028045811658019608,
              0,
              -0.12214682514983793,
              0.8539877064689483,
              0.5057520640647156,
              0,
              0.024000002071261406,
              0.09484325349330891,
              0.01570370420813555,
              1
            ]
          },
          "parentMatrixWorld": {
            "elements": [
              0.08015072945796436,
              -0.24854878807817182,
              2.018011615112447,
              0,
              2.018011903986337,
              0.2566010037391053,
              -0.04854642634337944,
              0,
              -0.248549172441314,
              2.003234953875328,
              0.25660057315747475,
              0,
              0.04883620730533662,
              0.675774680831468,
              0.08241452715376943,
              1
            ]
          }
        }
      },
      "children": [
        6
      ]
    },
    {
      "matrix": [
        0.0393890452314919,
        -0.5049952680822827,
        0.8622228727714518,
        0,
        0.9917302509821334,
        0.12523889233760854,
        0.028045811658019608,
        0,
        -0.12214682514983793,
        0.8539877064689483,
        0.5057520640647156,
        0,
        0.024000002071261406,
        0.09484325349330891,
        0.01570370420813555,
        1
      ],
      "name": "LeftShoulder",
      "extras": {
        "originalName": "LeftShoulder",
        "transformData": {
          "inheritType": 1,
          "eulerOrder": "ZYX",
          "translation": [
            0.024000002071261406,
            0.09484325349330902,
            0.015703704208135605
          ],
          "rotation": [
            3.174010465089493,
            -59.56709061967836,
            -85.54002558024324
          ],
          "scale": [
            1,
            1.0000001192092896,
            1
          ],
          "parentMatrix": {
            "elements": [
              0.9999999999999997,
              1.279038297496982e-8,
              -2.1598738797479217e-8,
              0,
              -2.0972503633541e-8,
              0.898529591747145,
              -0.4389129443918334,
              0,
              1.3793240480367792e-8,
              0.43891291823058354,
              0.8985295381906077,
              0,
              -2.501007180046676e-16,
              0.0977858453989029,
              1.3969838688621117e-9,
              1
            ]
          },
          "parentMatrixWorld": {
            "elements": [
              2.0348395278879767,
              2.8067047735924582e-8,
              -3.4266062869769106e-7,
              0,
              -1.6150454009083374e-7,
              1.8683904034645686,
              -0.8060324808301339,
              0,
              3.035133223423451e-7,
              0.8060323443547355,
              1.868390517977709,
              0,
              6.497267319374762e-8,
              0.48591276197966615,
              0.12952062624123117,
              1
            ]
          }
        }
      },
      "children": [
        7
      ]
    },
    {
      "matrix": [
        1.0000000000000002,
        1.8626421377510027e-9,
        -2.0469732767663625e-15,
        0,
        -1.8626421377510027e-9,
        1.0000000000000002,
        1.4708099045080288e-15,
        0,
        2.046973279505955e-15,
        -1.4708099006952503e-15,
        1.0000000000000002,
        0,
        1.862647813766216e-9,
        0.15643244981765747,
        -5.547475256939549e-9,
        1
      ],
      "name": "RightHand",
      "extras": {
        "originalName": "RightHand",
        "transformData": {
          "inheritType": 1,
          "eulerOrder": "ZYX",
          "translation": [
            1.862647813766216e-9,
            0.15643244981765747,
            -5.547475367961852e-9
          ],
          "rotation": [
            8.42712012595464e-14,
            1.172829296132607e-13,
            1.0672153403149643e-7
          ],
          "parentMatrix": {
            "elements": [
              0.9973184020440538,
              0.07318473163368858,
              8.27776869272154e-9,
              0,
              -0.07318474035798817,
              0.9973185209336716,
              -2.9519243904379343e-8,
              0,
              -1.0415928730752033e-8,
              2.8834275370430494e-8,
              0.9999999999999996,
              0,
              -7.746763265592538e-10,
              0.16183690726757044,
              -1.3288278144507615e-8,
              1
            ]
          },
          "parentMatrixWorld": {
            "elements": [
              -0.07577551869228881,
              -5.398919911620903e-7,
              -2.0334280336662074,
              0,
              -2.0334288572956094,
              -3.8131416273965154e-7,
              0.07577547711636766,
              0,
              -4.618272939690176e-7,
              2.0348392702133746,
              -6.067286320870062e-7,
              0,
              -0.5643769829082885,
              0.6994817850912928,
              0.0660759681018202,
              1
            ]
          }
        }
      }
    },
    {
      "matrix": [
        0.9973184020440538,
        0.07318473163368858,
        8.27776869272154e-9,
        0,
        -0.07318474035798817,
        0.9973185209336716,
        -2.9519243904379343e-8,
        0,
        -1.0415928730752033e-8,
        2.8834275370430494e-8,
        0.9999999999999996,
        0,
        -7.746763265592538e-10,
        0.16183690726757044,
        -1.3288278144507615e-8,
        1
      ],
      "name": "RightForeArm",
      "extras": {
        "originalName": "RightForeArm",
        "transformData": {
          "inheritType": 1,
          "eulerOrder": "ZYX",
          "translation": [
            -7.746763230898068e-10,
            0.1618369072675705,
            -1.3288278033485312e-8
          ],
          "rotation": [
            -0.000001691327888516221,
            -4.742812098784705e-7,
            4.1969284100511635
          ],
          "scale": [
            1,
            1.0000001192092896,
            1
          ],
          "parentMatrix": {
            "elements": [
              0.9925052463863743,
              -0.011855274437207219,
              -0.12162560735117228,
              0,
              -0.003666333299341134,
              0.9919463036565669,
              -0.12660697879977004,
              0,
              0.12214701756025809,
              0.12610399566941669,
              0.9844683277675023,
              0,
              -1.6763806343078613e-8,
              0.09238898754119876,
              4.377216111794979e-8,
              1
            ]
          },
          "parentMatrixWorld": {
            "elements": [
              0.07324360826088769,
              -5.31732587377709e-7,
              -2.033520804503646,
              0,
              -2.0335213878746834,
              -3.6113032075846263e-7,
              -0.07324361619739286,
              0,
              -4.024292780957506e-7,
              2.0348392702133804,
              -6.257977132606563e-7,
              0,
              -0.2352781705754575,
              0.6994818705750168,
              0.07792948684897046,
              1
            ]
          }
        }
      },
      "children": [
        9
      ]
    },
    {
      "matrix": [
        0.9925052463863743,
        -0.011855274437207219,
        -0.12162560735117228,
        0,
        -0.003666333299341134,
        0.9919463036565669,
        -0.12660697879977004,
        0,
        0.12214701756025809,
        0.12610399566941669,
        0.9844683277675023,
        0,
        -1.6763806343078613e-8,
        0.09238898754119876,
        4.377216111794979e-8,
        1
      ],
      "name": "RightArm",
      "extras": {
        "originalName": "RightArm",
        "transformData": {
          "inheritType": 1,
          "eulerOrder": "ZYX",
          "translation": [
            -1.6763806343078613e-8,
            0.09238898754119873,
            4.377216100692749e-8
          ],
          "rotation": [
            -7.328265347310298,
            6.985930289693735,
            -0.6843539521797481
          ],
          "scale": [
            1,
            1.0000001192092896,
            1
          ],
          "parentMatrix": {
            "elements": [
              0.03938911342446283,
              0.5049953658604671,
              -0.862222812388473,
              0,
              -0.9917302458681589,
              0.12523894041947142,
              0.02804577778352941,
              0,
              0.1221468446806253,
              0.8539876415977027,
              0.505752168886067,
              0,
              -0.02400000393390656,
              0.09484325349330891,
              0.015703704208135605,
              1
            ]
          },
          "parentMatrixWorld": {
            "elements": [
              0.0801501817094052,
              0.24854902164769754,
              -2.0180116081000277,
              0,
              -2.018011917008982,
              0.2566010106009813,
              -0.0485458487358781,
              0,
              0.24854924334256934,
              2.003234924016517,
              0.25660073758320223,
              0,
              -0.048836102252839415,
              0.6757746794842495,
              0.08241454360148179,
              1
            ]
          }
        }
      },
      "children": [
        10
      ]
    },
    {
      "matrix": [
        0.03938911342446283,
        0.5049953658604671,
        -0.862222812388473,
        0,
        -0.9917302458681589,
        0.12523894041947142,
        0.02804577778352941,
        0,
        0.1221468446806253,
        0.8539876415977027,
        0.505752168886067,
        0,
        -0.02400000393390656,
        0.09484325349330891,
        0.015703704208135605,
        1
      ],
      "name": "RightShoulder",
      "extras": {
        "originalName": "RightShoulder",
        "transformData": {
          "inheritType": 1,
          "eulerOrder": "ZYX",
          "translation": [
            -0.024000003933906555,
            0.09484325349330902,
            0.015703704208135605
          ],
          "rotation": [
            3.1740059827778504,
            59.567083789489196,
            85.54001875005407
          ],
          "scale": [
            1,
            1.0000001192092896,
            1
          ],
          "parentMatrix": {
            "elements": [
              0.9999999999999997,
              1.279038297496982e-8,
              -2.1598738797479217e-8,
              0,
              -2.0972503633541e-8,
              0.898529591747145,
              -0.4389129443918334,
              0,
              1.3793240480367792e-8,
              0.43891291823058354,
              0.8985295381906077,
              0,
              -2.501007180046676e-16,
              0.0977858453989029,
              1.3969838688621117e-9,
              1
            ]
          },
          "parentMatrixWorld": {
            "elements": [
              2.0348395278879767,
              2.8067047735924582e-8,
              -3.4266062869769106e-7,
              0,
              -1.6150454009083374e-7,
              1.8683904034645686,
              -0.8060324808301339,
              0,
              3.035133223423451e-7,
              0.8060323443547355,
              1.868390517977709,
              0,
              6.497267319374762e-8,
              0.48591276197966615,
              0.12952062624123117,
              1
            ]
          }
        }
      },
      "children": [
        11
      ]
    },
    {
      "matrix": [
        0.9999999999999997,
        1.279038297496982e-8,
        -2.1598738797479217e-8,
        0,
        -2.0972503633541e-8,
        0.898529591747145,
        -0.4389129443918334,
        0,
        1.3793240480367792e-8,
        0.43891291823058354,
        0.8985295381906077,
        0,
        -2.501007180046676e-16,
        0.0977858453989029,
        1.3969838688621117e-9,
        1
      ],
      "name": "Chest",
      "extras": {
        "originalName": "Chest",
        "transformData": {
          "inheritType": 1,
          "eulerOrder": "ZYX",
          "translation": [
            -2.501007184182579e-16,
            0.0977858453989029,
            1.3969838619232178e-9
          ],
          "rotation": [
            -26.034543266878394,
            0.000001237516575901025,
            7.328349628217525e-7
          ],
          "scale": [
            1,
            1,
            0.9999999403953552
          ],
          "parentMatrix": {
            "elements": [
              0.9999999999999962,
              -8.523795003156909e-8,
              4.676671938597083e-9,
              0,
              6.57774178189612e-10,
              0.062475811946127606,
              0.9980464783373928,
              0,
              -8.536361472627573e-8,
              -0.9980464783373894,
              0.0624758119461275,
              0,
              4.2236092401281956e-10,
              0.009880435653030872,
              0.08977021276950836,
              1
            ]
          },
          "parentMatrixWorld": {
            "elements": [
              2.0348395278879843,
              2.2496375174342332e-14,
              -2.999849467668615e-7,
              0,
              1.412570229288164e-8,
              2.032582117071907,
              0.09581679646357136,
              0,
              2.9965218363548884e-7,
              -0.0958167767817216,
              2.032582358843895,
              0,
              6.359137954349053e-8,
              0.28715500145295236,
              0.12015109695614148,
              1
            ]
          }
        }
      },
      "children": [
        2,
        4,
        8,
        12
      ]
    },
    {
      "matrix": [
        0.9999999999999962,
        -8.523795003156909e-8,
        4.676671938597083e-9,
        0,
        6.57774178189612e-10,
        0.062475811946127606,
        0.9980464783373928,
        0,
        -8.536361472627573e-8,
        -0.9980464783373894,
        0.0624758119461275,
        0,
        4.2236092401281956e-10,
        0.009880435653030872,
        0.08977021276950836,
        1
      ],
      "name": "Spine",
      "extras": {
        "originalName": "Spine",
        "transformData": {
          "inheritType": 1,
          "eulerOrder": "ZYX",
          "translation": [
            4.223609240128212e-10,
            0.009880435653030872,
            0.08977021276950836
          ],
          "rotation": [
            86.4180668886159,
            -2.6795356424887927e-7,
            -0.000004883774791155917
          ],
          "parentMatrix": {
            "elements": [
              1,
              9.71432090324242e-9,
              5.922843104855231e-9,
              0,
              4.648029531960407e-9,
              0.1263445114312497,
              -0.9919865436838305,
              0,
              -1.0384794335409912e-8,
              0.9919865436838305,
              0.12634451143124958,
              0,
              -2.22044604511441e-16,
              0.6652029156684875,
              2.185751579730777e-16,
              1
            ]
          },
          "parentMatrixWorld": {
            "elements": [
              2.0348395278879514,
              9.5162689455435e-9,
              -4.734304983320848e-7,
              0,
              -4.716298418838289e-7,
              0.2226168147438835,
              -2.022625433017689,
              0,
              4.233539782113207e-8,
              2.0226251929476806,
              0.22261684949218408,
              0,
              6.359139347497145e-8,
              0.10338395641571152,
              0.12015115545226568,
              1
            ]
          }
        }
      },
      "children": [
        13
      ]
    },
    {
      "matrix": [
        1.0000000000000002,
        4.6566128437721707e-10,
        -1.7462298282722312e-9,
        0,
        -4.6566127137314364e-10,
        1,
        7.446942618523312e-9,
        0,
        1.7462298317399837e-9,
        -7.446942617710161e-9,
        1,
        0,
        2.5029294192790985e-9,
        0.2511104941368103,
        -6.053596748878398e-9,
        1
      ],
      "name": "RightFoot",
      "extras": {
        "originalName": "RightFoot",
        "transformData": {
          "inheritType": 1,
          "eulerOrder": "ZYX",
          "translation": [
            2.5029294192790985e-9,
            0.2511104941368103,
            -6.05359673500061e-9
          ],
          "rotation": [
            4.2667838229419256e-7,
            1.0005159917010865e-7,
            2.668042644536231e-8
          ],
          "parentMatrix": {
            "elements": [
              0.9999375588638725,
              -0.007061075029712498,
              -0.00865450076546748,
              0,
              0.008418826316328929,
              0.9856620080962036,
              0.16852124480293051,
              0,
              0.007340471887432986,
              -0.16858359293210748,
              0.9856599669547739,
              0,
              7.2204784234974895e-9,
              0.2667680382728577,
              -5.675246939063072e-10,
              1
            ]
          },
          "parentMatrixWorld": {
            "elements": [
              2.0346766881517726,
              0.016687082574766282,
              0.019576338549982985,
              0,
              0.019576592827042803,
              -2.0090827871146866,
              -0.3221390465921757,
              0,
              0.016686784363767724,
              0.3223015971926533,
              -2.0090830276528036,
              0,
              -0.1448146927161132,
              -0.5369275833801002,
              0.11727098108298038,
              1
            ]
          }
        }
      }
    },
    {
      "matrix": [
        0.9999375588638725,
        -0.007061075029712498,
        -0.00865450076546748,
        0,
        0.008418826316328929,
        0.9856620080962036,
        0.16852124480293051,
        0,
        0.007340471887432986,
        -0.16858359293210748,
        0.9856599669547739,
        0,
        7.2204784234974895e-9,
        0.2667680382728577,
        -5.675246939063072e-10,
        1
      ],
      "name": "RightLeg",
      "extras": {
        "originalName": "RightLeg",
        "transformData": {
          "inheritType": 1,
          "eulerOrder": "ZYX",
          "translation": [
            7.220478437375277e-9,
            0.26676803827285767,
            -5.675246939063072e-10
          ],
          "rotation": [
            9.702219682979644,
            0.495872587516572,
            -0.40458833655896803
          ],
          "scale": [
            0.9999999403953552,
            0.9999999403953552,
            0.9999999403953552
          ],
          "parentMatrix": {
            "elements": [
              0.9999988478872004,
              -0.0009186780229513632,
              0.0011580352652531586,
              0,
              0.0010397708473117652,
              -0.11967455993759343,
              -0.9928126301474657,
              0,
              0.001050662567610772,
              0.9928127495828875,
              -0.11967347397746964,
              0,
              -0.07144504040479661,
              -0.0010939002968370914,
              -0.04808960482478142,
              1
            ]
          },
          "parentMatrixWorld": {
            "elements": [
              2.034837184005588,
              0.002137767642836229,
              0.0021154662663744523,
              0,
              0.0021157812310316493,
              -2.0347294069422004,
              0.021039988263239273,
              0,
              0.00213745641650241,
              -0.0210377714351411,
              -2.0347296497726353,
              0,
              -0.14537913021581497,
              0.005873188898590814,
              0.1116581835186781,
              1
            ]
          }
        }
      },
      "children": [
        15
      ]
    },
    {
      "matrix": [
        0.9999988478872004,
        -0.0009186780229513632,
        0.0011580352652531586,
        0,
        0.0010397708473117652,
        -0.11967455993759343,
        -0.9928126301474657,
        0,
        0.001050662567610772,
        0.9928127495828875,
        -0.11967347397746964,
        0,
        -0.07144504040479661,
        -0.0010939002968370914,
        -0.04808960482478142,
        1
      ],
      "name": "RightUpLeg",
      "extras": {
        "originalName": "RightUpLeg",
        "transformData": {
          "inheritType": 1,
          "eulerOrder": "ZYX",
          "translation": [
            -0.0714450404047966,
            -0.0010939002968370914,
            -0.04808960482478142
          ],
          "rotation": [
            -96.87326284739702,
            -0.06635055201097982,
            -0.052636419281773525
          ],
          "scale": [
            0.9999999403953552,
            1,
            1
          ],
          "parentMatrix": {
            "elements": [
              1,
              9.71432090324242e-9,
              5.922843104855231e-9,
              0,
              4.648029531960407e-9,
              0.1263445114312497,
              -0.9919865436838305,
              0,
              -1.0384794335409912e-8,
              0.9919865436838305,
              0.12634451143124958,
              0,
              -2.22044604511441e-16,
              0.6652029156684875,
              2.185751579730777e-16,
              1
            ]
          },
          "parentMatrixWorld": {
            "elements": [
              2.0348395278879514,
              9.5162689455435e-9,
              -4.734304983320848e-7,
              0,
              -4.716298418838289e-7,
              0.2226168147438835,
              -2.022625433017689,
              0,
              4.233539782113207e-8,
              2.0226251929476806,
              0.22261684949218408,
              0,
              6.359139347497145e-8,
              0.10338395641571152,
              0.12015115545226568,
              1
            ]
          }
        }
      },
      "children": [
        16
      ]
    },
    {
      "matrix": [
        1,
        -3.970467571343258e-23,
        8.470329469584775e-22,
        0,
        3.970466309165808e-23,
        0.9999999999999997,
        1.4901161207725444e-8,
        0,
        -8.47032947550123e-22,
        -1.4901161207725444e-8,
        0.9999999999999998,
        0,
        1.6913677945752403e-23,
        0.25917616486549366,
        1.1175870839874591e-8,
        1
      ],
      "name": "Add_Skirt_01",
      "extras": {
        "originalName": "Add Skirt 01",
        "transformData": {
          "inheritType": 1,
          "eulerOrder": "ZYX",
          "translation": [
            1.5109330596736677e-23,
            0.2591761648654938,
            1.1175870895385742e-8
          ],
          "rotation": [
            8.537736462515939e-7,
            -5.004801964201739e-20,
            -2.4469678196426995e-21
          ],
          "parentMatrix": {
            "elements": [
              1,
              8.881785224778482e-16,
              6.5919483616801945e-15,
              0,
              -8.881842196832534e-16,
              0.9999999999996265,
              8.642673492570417e-7,
              0,
              -6.5919475940540365e-15,
              -8.64267349257042e-7,
              0.9999999999996267,
              0,
              -6.869933874864319e-23,
              0.01000006403774023,
              0,
              1
            ]
          },
          "parentMatrixWorld": {
            "elements": [
              2.0348395278879843,
              2.0640873992557222e-14,
              -2.99984916888779e-7,
              0,
              -4.434044234146303e-8,
              -2.012488459890736,
              -0.3007675890755377,
              0,
              -2.966898614206395e-7,
              0.3007675450575891,
              -2.0124886984352592,
              0,
              3.577921718398509e-8,
              0.11318989297878759,
              -0.03559470989512158,
              1
